N<-50 
NP<-86 
M<-20
K<-10 
pr<-0.65 